6.
0 0 1 0 0 0
0 0 1 0 0 0 
2 2 1 0 0 0
0 0 0 0 0 3
0 0 0 0 0 3
4 4 4 0 0 3
红车 2

156.
0 2 3 3 5 5
0 2 0 4 6 6
1 1 0 4 11 0
7 8 8 8 11 12
7 0 9 0 11 12
7 0 9 10 10 12

1.
0 0 0 4 0 0
0 0 0 4 0 0 
1 1 0 4 0 0
2 3 3 3 0 0
2 0 0 0 0 0
2 0 0 0 0 0

6.
0 0 2 0 0 0
0 0 2 0 0 0 
1 1 2 0 0 0
0 0 0 0 0 4
0 0 0 0 0 4
3 3 3 0 0 4

12.
0 0 0 1 1 1
0 0 0 2 3 4
9 9 0 2 3 4
0 0 8 5 5 4 
0 0 8 6 6 0
0 0 8 7 7 7

9.
1 1 1 0 0 2 
0 0 0 0 0 2
3 3 4 0 0 2
0 0 4 6 7 7 
0 0 5 6 0 0
0 0 5 8 8 8

23.
0 0 0 0 0 0 
0 0 0 0 0 0
1 1 4 0 0 0
2 2 4 5 5 8 
0 0 4 6 7 8
3 3 3 6 7 8

155.
0 2 3 3 4 4
0 2 6 5 5 7
1 1 6 0 0 7
8 9 9 10 0 7
8 0 0 10 11 11
8 12 12 12 0 0

157.
0 0 1 1 1 2
0 0 3 0 0 2
0 0 3 4 4 2
5 5 8 9 0 0
6 7 8 9 11 11
6 7 10 10 10 0